366 283 221 826 2584 1608 291 1649 215 219 340 	18
2814 1653 227 919 209 439 2810 1628 354 421 1639 2820 454 	35
345 220 2713 3121 1654 393 2560 417 330 2812 277 303 415 215 966 1667 396 2740 297 	43
314 2820 461 2816 382 456 2762 1964 1600 	85
2562 470 3051 450 2820 237 402 244 2816 357 1947 353 2764 373 220 256 	68
376 323 2808 271 3046 1601 418 3048 368 1974 1600 	78
174 1507 3042 185 112 3045 1557 116 1497 	38
2386 111 120 143 166 1489 2410 	14
1553 1483 1527 2395 1545 119 1549 	42
2830 26 3086 2975 5 2883 147 73 50 	10
80 3059 2837 3061 37 73 3058 	60
1728 3056 3059 2828 164 3087 43 37 	96
3062 5 2981 1740 2830 57 2840 3106 1680 2781 	10
3031 3108 3063 3054 3062 3106 2879 3031 	86
3059 3056 3061 2883 1722 5 26 51 2840 2981 	15
3087 2840 2872 2830 2599 2878 2975 1723 37 2981 	80
3058 3059 80 2878 2883 3086 37 2875 3087 2883 3062 3061 	31
41 2940 1691 189 71 2990 2021 2846 3055 2838 2871 2827 2507 2993 2018 2846 	39
1694 11 3055 2463 2833 72 2926 42 2928 189 2927 2990 	45
2827 3055 54 2831 2940 2928 5 	53
2423 62 2989 2966 2926 1713 2991 2018 2927 2990 104 2827 2989 2420 189 2966 2846 	74
2926 2018 2456 2846 1625 3055 1735 2833 2928 2348 2989 2349 2993 	97
1693 2435 2990 2831 2926 2928 2248 2018 2463 47 2827 2506 3055 189 2833 2989 2021 	95
3149 2838 3152 2985 2986 2957 3148 2347 3135 	8
22 3137 3152 2957 2846 32 2963 	2
29 3136 2347 2691 3148 2833 3060 	5
3151 2842 3152 3149 2989 2953 2957 2956 	89
2222 1247 2260 1273 2734 1143 1126 2940 	89
3105 1351 1272 2228 965 2281 1232 2458 2242 1216 2418 1233 2038 2802 2268 3014 	3
2306 2315 1288 480 2221 2445 2421 	41
1400 1249 2770 2508 2499 2222 1254 2282 2455 1180 2234 1281 1131 2423 2231 2235 	18
2246 1217 548 954 29 1187 2241 	21
2277 1554 899 2421 1208 2313 1304 	77
2260 1339 1269 1202 2460 1169 2453 1313 	62
2423 1356 1285 681 1346 1153 2295 2309 2280 653 2245 	7
2744 1545 1255 618 1242 1224 2276 1560 2464 168 	46
1183 1150 2223 2436 2438 2284 1419 1342 2802 29 480 856 2745 	40
2315 1246 1375 2421 1394 152 1323 	45
2235 200 2275 2138 2295 2319 2234 2224 1290 1249 	60
2421 1397 2260 2251 1134 1323 2282 	83
2286 1399 665 200 1305 1352 2021 	56
944 967 759 1020 765 1000 853 	20
819 2482 807 360 329 860 1012 856 	80
1067 1026 1039 1037 1109 1073 1043 76 1028 	67
1027 1101 1047 1066 1032 1028 1030 1079 	7
1044 1035 1090 1075 1040 1026 1028 1036 1091 1054 1027 	96
1028 1100 1094 1049 1043 1038 1071 1039 1070 1034 1046 1031 	47
1032 1058 1069 1026 1039 1030 1067 1109 	38
1077 1043 1052 1064 1026 1028 1057 1054 1027 1045 1075 76 1039 	35
1026 1039 1080 1032 1029 1058 1030 1031 1053 1028 	93
1100 1027 1092 1043 1077 76 1039 	91
1095 1102 1028 1032 1044 1043 1027 1068 1102 1026 1031 	10
1062 1042 1032 1028 1046 1102 2799 1052 1032 	90
1027 1093 1026 1035 1102 1055 1043 	87
1032 1038 1086 2799 1031 1102 1053 1044 	19
1028 1043 1047 1102 1110 1027 1069 1029 1092 1110 1065 1026 1032 2799 1046 1076 	92
1102 1027 1042 2799 1044 1032 1030 1103 	92
1100 1032 1058 1043 1031 1026 1039 1046 1032 1108 1113 1049 1102 	8
1616 391 222 786 2710 390 1637 1601 	82
2808 278 2782 347 257 331 1619 239 351 423 	96
343 1607 274 413 1610 1659 215 1613 1602 	50
2709 296 230 1619 472 392 421 	0
2814 233 286 242 415 423 261 336 434 2762 	18
390 1610 966 206 1600 439 443 215 405 238 	28
230 204 2808 463 1602 381 321 274 453 1616 357 	62
430 1600 457 2814 354 231 1616 411 2710 283 242 	26
2844 18 8 73 39 2824 1 75 2830 	74
2839 44 2733 104 2018 51 5 2836 80 20 2780 	3
78 20 153 2841 2512 29 75 104 	72
1696 1684 44 42 5 80 43 20 18 	35
44 78 12 2839 2841 20 2512 6 104 1673 2018 20 1708 2774 6 47 2018 24 11 	87
80 15 97 20 2512 62 8 6 	28
24 1692 10 44 78 193 2839 	55
80 2512 1980 8 20 85 2841 1684 1977 5 2824 2340 6 2825 14 	67
2831 1710 1684 2512 20 2780 78 	95
164 80 41 2774 2343 2787 10 1710 2831 39 	62
647 506 648 525 739 591 509 659 	63
37 2880 2884 89 2830 2872 164 2844 	43
67 2884 2844 2839 67 2884 2899 	0
67 2830 2467 2899 2884 4 2880 2872 89 2844 2512 	99
4 89 6 5 2839 20 12 44 39 	36
2981 18 80 1716 1673 6 76 1 	92
1398 53 1377 2398 2409 118 1529 	9
1 164 8 1716 6 80 2839 4 2 18 	26
1975 37 10 2780 1722 3 2824 9 	80
18 14 5 1731 8 11 2841 	29
164 51 8 2873 6 1728 1 89 2512 1670 50 2 	18
80 1712 2841 18 1716 2880 47 8 4 54 1741 2 10 2824 	72
1 35 80 24 70 1742 1716 	38
8 1981 30 37 18 1 164 80 6 8 18 70 2512 19 80 107 2825 1 6 	0
1769 1845 1819 1810 1868 1753 1777 1809 3077 	69
1766 2194 1826 2189 1776 1778 1839 158 	88
80 2873 1 8 24 5 2844 2880 	1
2882 164 18 37 2333 6 75 2897 2332 80 5 	88
2332 2779 80 2873 24 2345 1 8 	17
89 4 2345 80 2873 2841 1 5 2333 	63
8 24 37 164 67 18 89 4 21 2897 6 2332 80 75 2345 5 2873 1 24 	14
2345 18 89 21 24 2333 6 2844 	92
37 80 2873 2828 2880 2345 4 100 1 21 8 2882 24 2333 164 	67
2345 21 24 2333 80 5 2873 6 75 37 	87
29 2248 768 1250 1220 2347 1269 2549 146 	27
2305 2267 2420 2966 1281 2508 197 2423 2426 2435 1346 211 1208 	54
1121 2438 2347 388 2235 1276 424 2021 2417 1129 39 270 187 2420 2229 1373 	15
665 196 2245 2423 1304 2549 2938 	82
2417 424 146 2420 1269 2508 1282 	22
2438 2426 2561 2303 358 2421 39 2228 2223 1250 	11
2417 1676 1137 48 2420 1140 2435 2304 2423 2938 1261 2038 2426 	45
2415 2136 2552 1255 2267 29 2440 2347 2452 2457 1144 2417 1394 2549 1166 	86
2420 703 2416 2432 2423 39 2260 	54
2426 1580 2966 2508 2419 2299 2425 	46
2303 2421 2440 29 2251 190 2347 	85
41 2349 1212 2417 2414 2235 1308 2420 39 2228 1315 	90
2423 2315 424 2446 2318 2424 1354 1320 2426 	38
228 2421 2459 1209 1292 29 2549 2248 168 2347 	95
18 14 10 78 6 164 79 	17
78 10 11 104 1672 9 2774 2896 2347 2831 20 2780 2508 72 39 68 2787 44 2018 	18
193 2896 39 2786 11 10 2836 2508 104 2018 2468 2347 2774 2780 2248 2786 20 2508 	24
78 44 39 104 41 2347 2508 2831 11 	36
2018 47 20 84 10 76 2896 2347 39 104 11 1735 2018 2774 	91
44 2248 74 2018 196 43 47 20 2347 2509 	62
76 193 2508 11 100 10 39 62 44 1735 2018 139 196 2774 43 104 	36
10 2504 44 40 2774 424 2780 19 72 20 104 1735 2347 65 1743 193 11 2824 	61
1713 2468 2508 42 2780 44 43 2018 78 39 2772 	51
2508 20 2780 1735 2018 2825 1672 1676 11 2468 	37
546 479 475 1931 2786 2516 2524 634 2869 	50
635 2521 1938 514 591 751 2516 1910 500 705 583 2032 497 750 749 	69
542 2532 571 583 579 491 477 504 541 	1
2869 546 575 2789 586 1929 552 1918 480 2601 551 663 2517 	65
