0 1 2 3 4 5 6 7 8 	84
20 21 22 15 23 8 24 25 	39
2 22 32 33 34 27 24 35 	78
257 323 286 224 461 416 274 	79
209 213 239 264 300 237 415 	91
238 395 209 455 232 280 254 397 257 327 	19
249 464 209 277 458 353 262 341 246 283 211 360 355 285 241 465 	33
245 300 304 230 411 445 320 242 210 331 265 204 466 257 	76
467 372 212 275 409 377 218 307 242 337 376 236 324 222 	27
401 285 242 446 274 310 230 314 358 345 257 216 	55
833 834 319 835 836 313 837 838 	47
770 884 839 785 885 886 887 	62
1039 1029 1075 1045 1032 1048 1031 1090 76 1044 	36
1072 1085 1052 1055 1039 1051 1068 1044 1067 	51
1058 1065 1044 1066 1035 1069 1027 1050 76 1054 1074 1039 1046 1049 1044 	95
1056 1085 1044 1032 1031 1048 1027 	91
1098 1072 1039 1068 1051 1052 1044 1055 1067 1027 1073 1060 1045 1036 	63
1039 1032 1044 1058 1027 1092 1026 1035 1033 1039 1041 	71
1043 1030 1032 1027 1042 76 1077 1032 	14
1047 1039 1061 1044 1064 1056 1027 1057 1032 	60
387 218 359 257 383 1637 852 1610 306 343 	1
1601 254 212 453 1646 1616 1624 345 1619 1612 463 470 469 	24
1602 1640 423 241 353 242 1647 230 	13
6 29 21 31 78 51 104 	80
34 8 75 4 107 22 1669 1671 5 11 29 	15
24 163 38 71 10 1673 74 34 39 1671 41 147 29 	40
24 104 10 38 193 34 12 22 1671 3 29 31 	12
18 11 1687 24 78 10 74 34 38 43 79 1737 1671 39 1670 4 29 	10
1671 1673 14 78 1738 29 38 1739 79 24 1675 62 10 74 163 34 41 	99
39 29 75 1693 78 63 24 31 	21
38 34 104 73 4 140 1671 12 	51
79 29 1683 22 3 18 10 11 	83
67 2 29 1677 67 74 11 1740 24 75 	61
195 1678 40 74 39 22 189 1672 24 34 	29
492 538 564 565 495 515 489 	63
501 1892 559 551 1893 504 542 637 638 639 480 640 516 	52
519 544 538 546 484 489 684 502 495 504 	49
499 485 632 497 490 480 493 543 492 527 	97
475 482 1895 497 591 722 589 632 482 582 485 512 499 1896 504 	29
490 550 709 542 527 611 602 748 475 481 519 1897 565 623 1898 483 	77
511 695 624 485 729 534 678 	52
480 689 490 737 487 621 501 475 508 525 702 645 659 1900 	76
483 580 499 593 482 638 480 639 	40
956 207 848 915 307 776 958 439 296 770 	89
453 264 1948 391 882 1643 415 365 	28
252 465 1192 925 852 869 1605 	35
1968 272 327 1623 256 829 210 	80
816 348 240 1017 412 414 263 931 298 	91
432 1240 454 1127 1963 910 284 820 	6
228 1955 419 972 350 1962 1007 327 449 	94
1995 2025 2059 2024 2071 2050 2138 2029 2085 2119 2064 	52
2057 2139 1991 1993 1997 2027 2068 2031 	8
2021 2063 2136 2140 2025 2109 2056 2086 2029 2032 1987 	19
2010 2080 2025 2048 2141 2142 2061 2029 2066 2050 2052 2008 2130 2073 2135 2022 	66
1995 2005 1998 2064 2143 1996 1991 2116 2057 2056 2144 2023 1987 	89
2063 2111 2027 2118 2068 2022 2084 2021 1988 2145 2037 	34
2046 2039 2049 2025 2079 1994 2064 2094 	6
480 1339 2251 2240 1104 520 1135 	2
2227 2234 1413 1269 2271 811 2253 	45
2242 2295 55 1307 1562 2021 2296 	6
2235 1215 1934 1203 2255 1420 1169 665 1265 681 	23
2298 830 665 1327 2160 1324 2299 1312 1249 1351 	97
2248 681 1579 1352 1181 2300 1286 2301 1365 1292 2229 	90
1976 2333 2345 2342 164 18 31 8 	85
7 1976 30 1982 2344 2345 31 4 2333 2334 38 33 2344 	26
164 67 102 43 1 34 18 8 	53
1976 2342 1669 46 2344 138 21 	37
1982 1703 33 38 18 2333 2334 	76
31 2344 1976 46 2345 8 2344 	51
2332 2333 2337 31 1669 33 2344 28 	66
31 1976 46 2334 18 2342 4 8 7 	53
33 138 8 28 46 2332 2345 	3
2344 1703 21 1982 1669 7 38 4 2334 	43
1575 1518 1198 2379 1519 111 1541 1558 1586 	93
1670 80 1671 2465 1 11 78 21 1689 14 104 1742 22 29 24 1718 75 11 	93
34 10 30 1712 104 1716 191 24 93 11 79 20 15 80 29 85 104 1673 18 	72
79 1671 1696 24 14 80 11 	28
10 20 15 2467 34 73 18 38 1978 104 102 31 	73
24 3 21 56 11 1670 78 29 	63
29 20 34 58 31 1671 2471 104 75 78 24 	35
1206 2273 2487 782 1312 1300 1322 	68
268 925 1405 986 1117 2489 1336 2490 825 1213 	16
1229 1149 801 1407 2479 896 1242 904 993 1395 	44
2492 1268 112 780 2290 791 987 1327 	88
1164 876 845 887 2247 774 1011 890 	82
2420 2347 11 1697 34 480 10 104 2338 24 196 	33
31 11 2430 29 10 1719 195 104 	22
480 39 22 29 10 2420 2347 11 2424 104 	89
196 1691 34 2338 74 4 31 39 29 2418 24 10 	35
2338 62 104 31 139 74 1694 1735 1672 196 	68
2418 2513 10 1438 2430 41 39 480 40 11 	95
1719 1672 104 24 22 62 196 2420 41 10 	58
497 639 621 475 525 753 519 1926 634 1895 480 	65
565 506 490 637 596 493 636 544 551 482 	85
1931 495 475 502 691 527 754 483 640 2516 538 	43
615 501 636 614 637 638 639 640 	92
647 542 602 487 525 537 477 533 519 541 538 546 489 495 504 509 551 517 483 	39
499 485 497 490 480 493 582 492 527 475 482 557 522 593 565 740 517 	81
487 485 644 504 573 604 493 735 	68
549 2538 611 492 738 1892 557 600 538 1915 591 485 742 690 1895 	91
493 686 499 677 552 482 1932 1894 626 733 517 565 525 559 683 489 1916 749 	48
475 532 1886 750 2279 483 756 546 480 601 519 530 	21
1919 516 555 497 527 636 485 	95
482 598 551 1923 728 480 1939 	92
559 503 492 555 491 519 697 482 	14
583 692 542 1927 497 575 505 	88
515 475 563 1895 509 543 492 656 	64
1963 1599 2560 443 2561 370 314 2552 401 209 426 239 	43
1264 2564 2569 417 2553 2570 2547 	61
209 2563 457 215 2557 1966 2548 255 369 2555 367 2420 2561 	28
2558 422 2557 242 306 265 310 2420 473 454 202 	78
2551 2563 416 426 209 345 2555 458 2573 2552 361 2564 215 312 	30
196 1697 1735 188 1671 39 61 11 31 22 10 71 78 1710 	44
29 1691 74 1686 2018 196 148 104 34 2338 39 1699 24 	22
29 2003 1735 1692 2018 196 1711 11 14 39 197 2468 10 18 1721 147 74 	18
29 94 34 41 39 1701 78 47 	27
116 1569 2500 174 1557 1541 1490 1580 	55
2022 1992 2004 2365 2367 2062 1991 2157 2357 2611 2120 1987 2612 1720 2020 1985 	41
2053 2363 2147 2048 2125 2615 2098 	16
2358 2130 2022 2243 2041 1996 2084 2365 2158 2008 2148 2004 2099 	90
2112 2375 2119 2123 2010 2048 2020 2029 2047 	10
2040 2115 2164 2366 2037 2053 2111 	12
2371 2092 2616 2124 2154 1991 2617 2109 2157 	49
2004 2080 2062 2367 2090 2048 2356 2112 1720 2357 	76
2021 2656 2454 2670 2655 2060 2137 2365 2615 2140 	98
2652 1989 2657 1987 2114 2662 2087 	93
2651 2025 2122 2050 1997 2668 2064 	68
2120 2020 2673 2664 2061 2661 1991 2044 	38
2063 2657 1987 2648 2094 2055 2096 2062 2651 2025 2149 2668 2064 	74
2043 2156 2028 2054 2652 1989 2645 2646 	36
2021 2041 2647 2670 2657 1987 2658 2085 2057 	29
2650 2076 2666 2659 2651 2025 2089 	23
2120 2656 2454 2061 2040 2357 2022 2031 2459 2035 2151 2117 1989 	58
2008 2154 2654 2138 2073 1987 2657 	24
2372 2672 2362 2652 1989 2656 2454 2109 2138 2116 2657 1987 1998 	15
2077 2025 2651 2352 2122 2648 2094 2028 2655 2149 	73
2645 2646 2671 2657 1987 2040 2143 	12
74 2687 2513 45 36 2689 39 29 	79
1619 1615 2539 852 2586 265 268 267 245 	16
213 230 959 415 931 2561 276 372 	74
1653 382 1599 471 1645 2584 1960 1961 319 452 880 2585 376 	7
466 280 787 242 462 378 1957 430 230 940 214 	95
327 237 457 946 225 2584 460 270 2711 1666 376 320 1127 	5
1186 1599 254 341 436 393 324 405 222 1646 	52
805 245 1625 841 312 1643 2584 473 784 	17
178 230 1317 314 2541 280 228 2708 	24
379 957 265 2441 461 889 222 	79
918 190 1958 903 237 250 1665 271 1653 	73
1605 836 1610 330 411 881 245 	65
265 860 1624 1965 263 373 287 230 207 1959 222 339 1950 951 	96
1076 89 73 195 80 20 102 22 	63
104 73 47 2334 189 21 33 18 14 4 195 12 72 79 196 41 	75
22 39 31 38 3 10 104 29 11 34 31 34 2335 10 77 41 85 79 39 	9
36 104 1725 1735 2468 22 1728 74 1683 18 10 2002 39 75 	13
104 1674 29 79 11 1702 41 	52
10 12 39 38 50 36 31 20 104 14 22 	7
11 79 10 57 34 75 78 55 29 1714 1735 1680 104 20 41 	6
36 39 1716 24 75 10 78 39 	20
3 2733 36 104 4 1669 21 	46
34 3 24 104 34 75 29 	81
22 189 38 3 1670 1113 107 38 89 	57
2415 2318 1397 1313 1409 2222 2260 2433 187 	75
2430 1347 467 1272 1120 768 2417 306 2267 1264 1394 	5
755 2136 2418 2600 2229 1522 2421 	15
2260 793 2349 1578 2456 1375 2235 	99
1292 2460 2330 241 1147 2415 2234 	20
2021 1191 2432 2348 1676 1281 675 	88
1168 2417 146 1303 1672 264 2283 2642 	12
2281 1354 1086 1342 2641 2416 1349 2421 40 2437 	99
854 480 2250 2288 2415 2260 2734 1318 2251 2311 	5
1580 1346 29 437 665 2430 2318 1252 1264 1335 	87
2458 2443 2449 2038 1121 1289 2432 48 	7
2079 2128 1991 2109 2022 2148 2088 2122 1999 2008 1987 2155 	0
2157 2066 2064 2111 1997 2023 2351 2052 2100 2356 2127 2134 2117 2034 2121 1993 	92
2065 2025 2004 2006 1993 2374 1991 2613 2022 2454 2132 2128 2109 2037 2100 2023 1985 2066 	59
681 1130 1560 1288 2734 1268 2245 	18
2220 1137 1318 1522 2248 1176 1217 1409 2464 1158 200 2136 1304 2324 1354 780 1193 1194 1909 	16
1247 1121 1406 40 1200 305 1295 1416 	39
1245 2416 954 2266 2321 1180 1269 1207 1339 1197 	91
2438 1288 1225 1283 1403 2305 1011 2270 1341 1350 1376 1285 	81
2288 2229 1259 1358 1252 1153 802 2235 2744 1147 1329 2311 	35
1580 1488 1544 1595 1324 1584 1587 	55
2384 1267 110 1502 53 1586 1541 1462 1581 	57
1578 2384 1466 914 2408 1293 1584 1558 	45
2383 1489 151 2232 2395 1330 120 2748 2675 1401 1469 1464 	68
175 48 2400 1368 1085 2412 1545 	9
2016 2722 2720 2728 122 2687 2724 2680 2725 2690 2681 2640 	53
968 941 1403 1973 963 949 845 	75
923 842 827 1139 1223 867 1296 947 2480 959 	30
791 268 950 945 833 2482 883 	99
1405 894 914 882 786 1309 796 	57
2481 765 1184 987 991 776 1022 	87
803 261 1953 865 956 896 2498 1405 1210 1954 867 	74
885 794 840 1006 866 1223 333 253 1146 993 1011 2497 982 	62
795 785 445 1007 790 823 1118 1149 928 	3
883 787 446 925 1300 897 955 782 788 372 860 1950 820 2265 1230 943 445 455 	74
412 1156 1262 1017 760 795 767 816 	83
324 467 924 951 858 879 1149 	92
2037 2698 2083 1995 2139 2034 2101 2737 	87
2010 2030 2071 2698 2163 2353 2023 2094 2064 	83
2659 2029 1994 2117 2087 2009 2616 1991 2100 2034 2073 2056 2357 82 2620 2698 	97
2102 2029 2146 2000 2122 2031 2627 2365 2165 2007 2158 2131 2631 	74
2034 2094 2626 2023 2097 2697 1720 2064 2008 2085 	90
2113 2053 2633 2089 2022 2106 2376 2109 2698 2372 	98
2123 2064 2151 2139 2159 82 2028 2761 2134 2056 2131 2613 2004 	66
2364 2023 2037 1991 2145 2140 2007 	49
2071 2626 2631 2010 2041 2029 2142 2086 1987 	16
2376 2007 2058 2054 1991 2045 2085 2158 2034 2617 2131 2048 	83
2698 2353 2004 2057 1988 2029 2133 2616 2023 	88
423 417 2710 272 2741 2707 220 357 2768 	7
1609 299 1599 325 1633 1604 379 440 1619 361 	64
426 369 311 212 1659 469 395 367 428 1603 282 424 219 	24
1652 245 224 884 1667 230 447 1610 	62
220 214 467 285 210 423 319 274 1956 	22
424 433 1605 1619 385 224 798 	70
1963 2584 2581 1610 364 1952 285 1608 220 378 	31
1604 366 1603 2589 1634 1347 1600 421 373 	32
2766 439 1619 449 1635 215 2425 211 278 453 	23
499 569 570 509 571 497 573 616 477 1939 546 482 574 504 	7
691 477 505 480 568 492 637 621 736 636 2601 	63
485 480 487 2521 638 520 639 	22
595 491 613 1913 534 475 608 537 499 586 2519 721 	65
474 722 1915 1933 577 482 755 	51
731 480 1941 581 497 526 744 750 475 712 665 	97
749 516 490 513 663 559 541 	28
265 315 888 1640 2711 418 2767 301 302 855 262 	54
376 411 1611 286 245 313 1647 2711 314 284 454 	71
1599 456 380 209 262 360 2584 	11
879 2584 1648 1635 257 447 265 310 376 241 218 	47
409 222 1655 1599 457 1618 1264 212 	59
270 230 367 2711 278 280 208 1602 1652 2584 214 1641 2707 376 319 285 267 	94
1254 480 2399 1414 1237 2232 2248 	45
1394 1281 2282 2330 2298 1354 1184 	33
695 1389 1344 2770 1580 1215 2319 1269 1338 480 1162 665 2310 	84
531 1355 2227 1496 1142 1379 1210 	43
1346 520 1208 2272 1141 1299 2234 1214 1554 	0
480 559 526 499 641 493 2519 504 713 492 1942 498 485 664 493 657 	34
490 730 504 574 570 708 487 705 527 2534 480 619 549 519 717 475 531 483 	59
495 700 492 751 482 683 525 494 721 747 497 753 490 601 538 496 665 	83
552 527 1896 546 646 606 587 485 	23
482 653 483 614 485 647 490 506 495 543 616 675 487 2522 527 	67
188 31 2338 41 2038 1735 189 11 480 2350 196 72 2260 1721 10 2418 104 	48
29 199 41 1397 189 39 196 2419 2418 480 2248 11 	48
195 1496 104 22 2338 196 41 2267 189 2346 74 199 2288 71 1735 	30
63 29 2349 47 104 2315 2418 140 424 196 2443 1678 2420 14 2338 	71
1735 1250 41 1142 40 74 2235 	18
104 1676 2420 39 2507 41 196 47 2418 	62
40 29 106 104 1735 74 2430 2438 41 424 196 1672 2021 39 	4
11 2338 2235 29 74 2350 189 104 	41
2418 1705 31 2338 22 2349 1735 480 1721 41 2289 47 106 11 	69
196 195 2462 39 2420 29 1735 681 10 1350 74 104 2267 	67
11 2346 1672 2299 41 48 196 	63
480 29 104 2463 10 74 11 2348 47 41 2338 1672 2003 	34
471 230 269 253 413 215 229 242 324 2763 420 1618 824 	18
222 443 274 367 426 301 387 227 920 	60
966 818 386 222 443 218 392 1127 1142 1653 457 1599 	62
2711 401 320 469 324 338 2584 208 258 436 	73
412 2606 2581 1640 248 1628 467 376 349 935 223 212 261 456 222 	32
245 301 383 786 2574 265 884 1599 458 	74
400 2584 2434 897 1631 1315 376 270 414 242 286 352 315 428 327 	20
222 282 798 1650 209 318 295 1599 311 330 2711 310 253 226 230 391 2580 410 288 	92
409 2584 380 319 227 382 376 444 262 438 249 	68
296 879 1662 1626 1612 265 342 1644 313 	65
1637 232 222 245 447 990 399 1599 	25
480 2268 1249 1143 2245 653 1385 	53
2245 2227 2241 1057 2315 1285 1301 2267 1281 1401 548 1396 2248 1358 1237 1204 152 	8
1198 1277 807 1582 768 1350 1299 2313 	26
600 2447 2249 1337 1390 2302 1169 2021 1181 1217 1581 1392 2229 2231 1354 1210 1150 	87
1125 2435 1399 1357 2234 1320 1153 783 	68
1336 2272 520 2770 2299 1579 1162 2303 1414 1174 1413 1346 649 1142 48 1184 2314 1389 	9
738 1151 2245 1179 1266 1249 1355 2270 665 1137 1298 1338 	11
681 1141 1372 1344 1180 2229 1224 2248 	36
2264 1281 1934 2250 2744 1545 1327 1380 2242 1224 2261 1285 1311 2329 	57
1735 2318 424 106 47 2420 2330 196 153 	59
2430 1496 41 1185 2260 2509 2438 29 2418 94 	66
2420 2772 1237 41 2223 2235 2338 2422 29 2734 2418 2506 40 2021 2449 11 	28
107 2417 2445 104 1166 1735 187 2430 49 	77
1713 480 1354 41 196 2299 2136 39 1396 1496 	28
2430 2304 2305 41 1249 2251 40 1335 2772 	32
189 2418 2465 2600 480 2248 197 	18
196 2241 1672 1281 2338 1572 29 2746 2420 41 49 11 2315 2272 2346 2229 	98
2418 14 2430 104 2267 1735 40 	0
1735 104 2422 2235 31 1721 41 2346 2420 193 11 48 196 195 1694 39 480 29 40 	82
1899 1895 2525 1887 492 752 2790 646 504 	33
611 519 498 638 485 526 477 629 1890 596 487 502 	18
477 527 612 2525 589 634 698 640 613 501 500 	43
1030 1111 1042 1026 1032 1095 1101 	95
2797 1066 1054 1043 1051 1089 1044 	91
1028 1043 1064 1030 2796 1035 1080 1026 1032 	76
1075 1032 1097 1039 1090 1041 1032 1074 1061 1046 2797 1109 1026 1043 	69
2799 1028 1044 1070 2796 1038 1058 1103 	12
1062 1027 1105 1032 2800 1046 2799 1102 1107 	68
1028 1056 1032 1027 2799 1059 1043 1052 2796 1026 1038 1032 	38
1105 1100 2800 1035 1043 2799 1032 1083 1031 2796 1102 	77
1043 1063 1103 1046 1032 1112 1039 1069 1028 	94
1039 87 2796 1054 1030 1032 1027 1042 1043 1026 	91
442 212 381 242 204 2741 359 	86
326 2808 239 1600 1603 458 2811 208 1007 1610 	20
423 446 257 466 301 274 1623 	79
1607 419 2816 276 222 334 423 	54
931 2813 966 2814 306 435 1626 	29
2768 1654 257 402 1610 1625 1606 1656 1634 338 405 1602 282 	90
2810 1633 2741 1617 274 463 423 433 	90
1845 1854 1773 1868 1800 135 2017 	87
1893 525 584 501 743 2519 477 	49
2279 492 487 1885 638 593 525 558 482 519 602 	57
598 577 477 572 2788 652 483 634 516 1899 	16
694 748 751 567 504 617 1892 485 677 639 706 517 	27
1892 2788 626 2786 504 634 477 525 487 519 1899 1892 663 2792 1896 490 	86
501 510 635 2790 598 2791 564 531 537 2789 579 634 652 637 618 530 	49
534 634 632 732 2790 2528 1928 501 625 602 482 616 487 2788 	46
6 30 80 2829 67 2828 20 64 	84
20 5 1984 2834 6 13 2838 	49
80 2836 75 1681 2512 2781 9 19 10 2877 20 2829 37 2839 	29
80 1979 2875 20 1685 2781 1670 6 2787 	18
6 11 8 2876 2839 86 80 1707 2824 16 20 164 2512 2011 6 	68
80 2825 2018 2781 104 5 2839 1723 13 2830 20 1722 6 1714 	72
20 89 2875 36 6 1712 37 2781 47 2828 	13
2834 2839 1728 6 1724 80 2824 	60
2877 70 6 2844 2837 2830 2829 2839 	49
8 2874 2873 20 2018 1730 100 2781 145 37 1717 6 2840 	83
2828 80 67 2839 2003 1975 50 2881 20 5 30 2781 2824 	72
164 2787 61 80 136 2877 2839 1978 2825 2834 20 	17
2650 2631 2025 2118 2073 2454 2087 	22
2109 2005 2133 2131 2890 2886 1989 2084 2698 2760 	49
2887 2374 2050 2125 2004 2353 2051 2064 2031 2157 	12
2612 82 2040 2082 2045 2049 2886 2366 2058 2634 2888 	13
2888 2128 2618 1996 2660 2151 2362 2887 2700 2029 2022 	36
1868 1749 2860 131 2215 158 2193 1875 	32
2893 1798 1770 1773 1871 1781 1833 1751 1867 2716 1865 	93
1834 1841 1870 1770 2175 1858 1751 1808 2892 2181 158 1807 	90
1784 1878 127 1772 1851 1785 1810 	62
1777 1839 1774 1812 158 1748 2217 	83
1685 37 89 24 2778 2828 2512 2895 	81
2896 5 2824 5 2897 24 2778 2884 2828 2829 37 2898 2874 2895 24 2512 2778 2884 2896 	49
89 2897 89 5 2897 24 2828 2512 2778 2898 2874 2829 2824 2896 	33
2336 2898 37 89 5 24 2884 2828 2512 2874 2829 2824 	39
2895 2897 24 2778 2884 2828 2512 37 2898 89 5 24 2897 	65
2778 2884 2874 2829 2828 2841 2824 37 89 24 	60
1744 2512 2778 2896 5 2884 2828 2897 	25
47 148 20 35 104 78 6 50 18 	15
20 96 18 2018 6 1736 2839 	7
5 44 2840 2473 2472 80 35 11 2018 20 1684 2878 1 6 	10
2878 20 2512 75 6 201 2839 11 5 	64
47 80 2001 164 2781 20 1711 1 6 	36
78 38 2878 20 11 44 6 136 2839 1 5 	28
80 1680 164 78 20 1741 104 6 	33
504 601 559 629 1892 581 620 1902 2866 692 519 	9
2517 591 593 667 501 745 488 	42
639 561 477 615 481 499 1928 1903 485 	93
632 1888 534 2517 748 583 1899 1943 577 	58
639 1923 1929 751 697 616 2601 519 733 2525 	26
2525 2279 539 1905 551 474 2786 2275 2788 552 1918 721 615 477 	65
477 2519 2863 708 2525 594 619 505 722 519 	76
695 487 546 602 2788 2517 488 1932 2917 642 	48
1899 581 504 576 2866 673 487 1923 483 733 635 	15
519 508 2792 610 1892 675 1910 735 2788 648 643 	88
559 564 586 1899 598 2525 2602 491 2791 498 	62
2795 749 527 2791 688 637 609 632 1938 557 2788 479 	51
616 519 644 756 475 2270 2790 2917 1915 525 2786 705 640 1884 	20
483 634 648 517 738 487 671 1928 	55
1899 615 549 635 595 2863 559 	42
485 697 2791 1890 680 2795 636 2520 639 698 2917 632 669 1919 	82
640 519 667 637 722 491 1889 551 525 654 487 	39
634 565 541 557 576 1899 1892 502 475 588 1931 483 574 2790 	24
733 2790 549 1938 1892 607 2865 532 685 	32
2795 701 608 485 642 487 490 637 632 1902 501 675 1943 	72
1892 597 557 690 611 487 475 542 2795 	63
635 687 1886 490 524 2786 1934 1905 1892 646 505 652 635 736 501 	98
604 638 614 494 509 528 632 697 2528 2525 	33
497 1899 2786 591 1921 2789 590 525 	89
752 634 722 601 475 755 602 713 488 2791 729 2790 	13
330 2550 304 417 2558 1950 2551 2555 239 2918 2561 411 2783 279 	41
1205 1607 438 209 1634 319 2553 407 215 312 241 2560 	0
2571 2560 254 302 2572 219 1607 291 370 401 2556 	78
357 895 285 1962 374 358 821 220 	77
345 1600 270 1421 1628 378 1658 430 874 224 1611 240 331 2921 1630 230 	29
1316 1955 2606 2416 384 818 401 226 	11
2709 423 330 327 277 1650 212 1956 292 1608 1142 1638 471 372 	86
278 1619 2559 810 1967 363 266 1615 	72
218 275 1970 344 285 249 946 	4
343 434 429 1600 385 843 239 	44
962 1605 1610 2567 1613 2542 215 	98
758 1017 1634 212 213 1022 1948 	70
1661 285 1962 1657 281 230 953 2708 	21
519 747 2788 1912 499 619 1892 525 678 551 477 690 684 602 	47
658 497 1931 505 2790 619 1892 1919 	86
2270 732 615 2525 501 525 2591 2786 752 717 603 722 534 675 	9
654 559 2528 490 2788 499 645 676 609 477 605 637 601 551 634 	9
957 897 846 353 998 938 242 796 788 435 410 922 	38
1116 786 392 946 847 301 999 	30
1666 1003 257 953 432 365 1656 207 	65
282 324 839 2811 1007 2606 395 389 873 410 	80
2347 76 2774 78 2831 189 1743 2288 	13
2032 2031 2901 2021 2372 2415 2029 	5
2356 2030 2369 2064 1129 2008 2040 2047 2034 2360 	5
2887 2025 2010 1995 2032 2362 1991 2360 1999 2662 2040 	45
2415 2029 2030 2046 1994 2064 2105 2356 1995 	78
2064 2029 2022 1999 2089 2034 2048 2901 2058 2032 2158 2887 2360 2030 2930 2005 	69
2025 2611 2617 2061 2143 2148 2029 2139 2625 2005 2064 2156 2131 1995 2128 2008 2058 	44
2009 2034 2351 2030 2699 2127 2133 2037 2029 	11
2132 1995 2164 2048 2619 2615 2887 	58
2004 2611 2040 2029 2354 2041 2025 2028 2153 2111 2887 2066 2148 	57
2076 2064 1995 2699 2031 2625 2099 2131 2621 2119 2061 	52
2019 2101 2618 2097 2009 2070 2047 2363 2034 	59
2030 2092 2113 2127 2088 2029 2058 	36
2098 2037 2004 2090 2064 2615 2115 	30
2106 2005 2131 2119 2133 2624 2618 2626 2373 2117 1998 2112 1989 2034 2364 2066 2614 	88
2159 2664 2061 2658 2085 2658 2148 2030 2886 2672 2887 2672 2048 2670 	47
2032 2415 2665 2668 2064 2142 2629 2698 2949 	16
2111 2034 2669 1997 2041 2082 2671 	60
2645 2646 2948 2886 2668 2064 2373 	52
2046 2035 2946 2151 2036 2889 2025 2073 1998 	61
2654 2653 2643 2045 2669 2034 2050 2648 2094 2656 2454 2351 2655 2947 2062 	59
2887 2672 2159 2664 2061 2085 2658 2148 	23
2066 2138 2645 2646 2653 2654 2653 2663 2948 2886 2947 	82
2360 2946 2026 2673 2020 2029 2140 2133 2130 2076 	7
2091 2699 2886 2698 82 2091 2048 2131 2027 2085 2025 	9
1991 2064 2022 2029 2034 2887 2028 2045 	92
2093 2132 1991 2415 2072 1997 2041 	16
1988 2669 2034 2054 2648 2094 2671 	48
2947 1987 2652 1989 2658 2085 2039 2036 	22
2103 2945 2043 2666 2659 2950 2668 2064 2060 2660 2946 2352 	82
2235 2508 2824 146 2420 2952 22 	29
2774 2927 2347 2685 104 2955 2420 	35
2959 2827 1137 2842 2833 2957 2960 2508 2692 	87
2954 41 2963 2018 2688 2780 2955 18 	34
2958 2508 2235 16 11 104 2926 	81
2953 2835 2508 1324 2960 2824 2961 2685 	65
2018 78 2347 10 2955 2956 20 2928 6 2952 2842 2688 2953 	3
2962 2953 1676 2926 2831 2825 2508 104 2235 2018 	25
2961 9 1339 2952 2842 2957 2513 2956 2954 	77
2835 2953 2311 2508 193 2685 2831 2957 	62
2835 318 1321 2824 1309 2018 2319 2786 	83
2421 1251 20 1207 2561 1244 2831 418 41 	30
2561 2018 39 236 465 1192 2831 	22
1980 1670 51 73 37 90 2881 1438 	19
2831 1678 44 78 2466 43 1722 2841 44 	61
5 2018 57 24 31 6 72 80 	10
20 89 1712 6 1703 2781 67 164 1 1702 47 37 148 2837 2839 	67
62 2512 20 8 2778 2469 1977 	78
73 2844 2781 4 89 77 6 1679 2845 75 24 80 1 1673 38 	71
2159 2034 2023 2699 2054 2112 2079 2115 2031 2028 2029 2361 	20
2091 2037 2357 2109 2624 2619 2026 2074 2097 2125 2064 2135 	40
2887 2083 2085 2130 2374 2368 2034 	31
2117 2022 2886 2058 2025 2155 1720 2080 2613 2615 2095 	43
2094 2008 2736 2006 2152 2699 2097 2142 1991 2042 2154 2020 2064 2066 2072 2052 2887 2028 2034 	23
2374 2022 2152 1995 2142 2619 2064 	38
2621 2034 2091 2113 2036 2031 2058 2072 2029 2028 2025 	53
2085 2164 2365 2886 2065 2625 2068 2037 2047 2094 2053 2122 2042 2736 2087 2136 2698 2356 	15
774 1241 1420 1375 2245 1134 1260 1709 	55
1211 2734 2309 2431 520 1408 1301 1174 2224 2248 1137 1355 2257 2327 842 2324 1204 1220 1011 	1
965 1593 2258 2438 1217 1130 1414 200 2238 1197 1131 40 1525 2278 1304 1387 1207 	38
1210 1295 1115 1336 1225 1325 2744 2330 	38
1488 1299 1470 1583 1556 1467 1494 	30
2955 2680 74 2961 29 2687 2678 1735 2686 	73
103 2952 2831 2752 2681 2690 2680 	26
272 1600 1972 446 242 381 262 207 1618 279 215 2570 245 	64
857 1965 285 468 458 405 423 412 208 	55
213 445 399 379 252 897 2566 1654 1600 951 429 	91
263 209 350 1652 253 302 272 229 284 230 383 279 905 262 	68
1639 335 2570 453 231 2540 786 434 325 	80
391 2580 452 268 285 1617 331 341 257 366 1264 941 293 852 278 	69
226 436 329 230 258 2542 844 265 356 466 318 	31
401 338 823 334 473 241 820 280 435 285 946 420 1970 442 394 423 	64
2704 1186 209 301 413 1621 431 	0
218 375 204 214 1628 1662 775 399 261 1610 351 286 1950 282 249 224 1947 387 910 	53
2487 112 348 815 2541 770 933 	84
776 1020 800 1332 840 1158 950 1009 308 309 1296 	61
1323 872 335 993 2488 253 1021 266 	64
914 1345 897 810 910 1190 895 	51
952 1278 902 802 937 1243 973 1367 1197 398 787 863 1242 333 872 971 203 941 885 	40
900 770 786 847 834 878 842 789 	36
341 1128 253 898 1007 824 891 	71
1406 1395 356 351 951 1973 955 882 966 779 467 831 958 	80
447 968 936 758 771 988 927 204 	67
2767 436 230 273 826 353 1610 	15
320 318 376 456 301 250 252 285 468 796 240 2808 207 	3
451 219 446 415 218 2742 1600 2714 380 418 946 1599 207 438 312 2920 	6
445 256 2965 2574 286 352 222 330 378 262 231 2425 1664 937 264 220 1647 395 	68
366 1640 264 442 1599 399 279 1610 223 421 1647 228 2764 	18
235 242 826 2762 328 265 261 1632 884 287 429 262 	61
353 1634 962 222 434 204 220 	70
387 421 263 1612 382 1610 380 212 1614 425 211 240 1601 254 2762 1970 1007 	56
2839 2872 1 1730 67 20 2885 1742 1715 37 2828 	0
21 164 1729 2839 2778 34 1 1736 2899 28 73 20 2840 37 59 6 	0
1707 2975 6 1 2781 37 2839 21 2608 1711 26 	30
37 15 21 84 2781 2839 99 2981 	26
1 89 18 20 57 37 67 21 	65
37 93 2872 152 21 1692 2828 2839 	85
164 14 37 2897 21 83 34 2839 2840 67 1 60 2981 51 20 	18
84 2881 43 1694 2898 5 89 	34
2778 5 89 2981 2845 1688 2781 1 164 2828 20 2898 10 37 	66
2839 2778 1 2781 2981 20 2840 2875 37 50 28 21 2839 	87
67 1 2828 20 1715 6 37 15 2885 	65
1599 432 930 2581 363 2606 374 2569 212 	31
212 366 399 376 910 232 2703 1599 306 410 458 230 447 308 309 	88
222 1951 245 438 443 1240 236 1606 	18
2711 2568 384 242 359 412 466 2560 	15
353 1618 442 297 218 204 277 404 270 	50
457 1637 249 2444 222 1639 444 1142 1010 215 2767 276 271 	82
214 2711 328 1626 354 445 293 448 208 430 267 1621 280 	67
1964 2812 2711 320 977 252 2965 343 897 242 470 2584 2429 222 415 257 226 1618 	90
383 1971 1599 454 376 436 2808 245 355 1610 326 212 	19
74 2685 2347 2769 2508 2960 2952 2678 	39
2684 2347 2678 2955 2952 2959 29 2952 22 2769 	70
1389 2018 2508 2774 75 6 2347 1719 2827 189 20 37 	86
2927 24 2424 2780 2831 2835 2839 	54
1683 44 2825 2877 8 2840 2641 2561 78 152 2824 37 	73
195 2509 2836 2018 2774 189 24 2827 2927 	93
2831 1 2561 2347 2928 2452 89 189 2835 75 37 2827 	23
480 2456 196 1129 76 2460 2926 104 	92
2299 2831 1387 2508 1414 2842 2774 	55
1133 62 2786 1354 39 2734 1273 2347 	93
2422 1735 2266 104 255 1250 1120 42 	49
195 2438 2774 2250 2268 2311 29 	55
2220 2235 2786 2021 29 1496 2223 	93
2079 1735 2453 1572 43 2508 2772 2417 39 2349 2746 2018 	79
2774 2641 187 14 107 2229 681 	81
195 2318 2438 2835 29 49 2459 2508 	59
29 2241 2842 199 11 1496 2508 	65
2281 2456 43 2347 1250 2236 195 2299 480 	99
2018 2021 2780 104 2289 1166 39 	93
973 911 801 868 843 838 308 309 	32
263 771 329 777 942 2480 3014 	87
979 980 853 993 820 906 815 890 	58
1091 3017 2609 1099 1035 3016 66 1103 3018 1049 3021 	63
1092 3021 3016 1047 2796 1033 3022 	75
1062 2609 3020 3016 1075 66 1101 1043 3018 	77
1061 3017 3019 1063 3021 3016 1073 2797 3018 1091 1103 2796 1086 	79
2797 1038 3019 1090 1068 1103 3018 1087 3016 3020 1027 2796 1094 3022 3017 2609 	26
1434 3034 3033 2806 1436 1431 1437 1424 	60
29 2379 1565 1045 1375 108 1357 	47
244 2820 375 230 410 3050 267 	16
430 2762 464 1668 413 471 2814 400 3051 235 2984 265 215 365 3049 	79
242 443 301 2762 284 1624 2820 243 257 1662 1616 	86
1668 346 2808 336 2810 470 1657 	87
402 222 459 347 245 1650 3048 463 	66
2820 221 3047 382 2762 225 2814 438 	41
2858 1877 1796 1868 3078 1749 1825 1770 1759 	61
2865 486 2791 669 2793 534 545 2996 1891 745 2998 3003 491 540 	59
3085 2869 3012 2864 756 3008 3009 2032 2863 	64
642 3013 3011 2868 1928 3010 3000 3002 2996 	53
2528 3005 712 2998 622 2997 1941 1944 	14
3009 520 753 2924 543 2795 2286 3007 635 3000 575 	57
494 593 688 2868 1885 2999 602 2866 565 506 706 3004 547 2791 705 2517 616 	3
1917 2924 717 3003 618 2793 592 3006 565 2994 2866 	70
308 309 330 1004 1960 1961 1630 	51
936 337 908 287 444 340 1663 251 389 	83
843 228 935 465 271 401 941 442 	51
910 449 846 364 946 932 869 787 	11
382 909 335 318 244 261 1018 	48
1949 419 450 973 392 1022 397 441 1025 255 1334 302 453 1012 240 	51
2474 3088 2830 3063 1732 3056 3064 3065 63 	4
67 3087 3059 1 3031 3062 2504 	81
2830 3052 2880 3087 145 3031 140 3056 3065 2781 3062 107 3059 	38
2832 3086 2469 3061 2878 3062 3059 2981 2837 3058 3056 141 3061 1680 2830 3054 68 3062 10 	63
3059 3057 2988 2342 3056 20 3064 3061 1711 3087 	45
3062 95 3059 162 3063 2339 3061 2872 	14
100 2830 3065 3031 1722 3062 12 3059 	41
2599 3061 3065 2838 3058 3059 138 3062 2876 2830 	24
2472 2840 3086 2011 3056 11 3064 3061 3057 18 	40
3056 1983 153 8 3053 77 3061 	1
2048 2019 1997 1996 2151 3098 2366 1987 2376 	71
1988 2104 3092 2133 2041 2356 2095 2057 2130 2066 3090 2363 	57
2887 3098 2020 2075 2619 3092 2622 2063 	81
1988 2144 1992 2888 2019 2700 1987 	58
1991 2355 3094 2005 2130 2087 2034 2116 2110 1988 2088 2046 2040 2157 2039 2063 3098 2041 	44
2053 2357 2364 2020 2109 2132 2888 2372 	47
1011 2926 2254 2318 2265 2279 768 188 	99
2263 2508 1348 680 1408 2221 29 1420 2267 1142 1402 480 2271 	5
2417 1361 2087 1233 1164 2257 1406 2421 	7
520 2227 2421 802 1480 1471 2275 1171 2235 	64
1189 1297 600 2248 1324 1148 1385 2267 1295 1142 	59
2284 1380 1401 2235 2288 2249 1387 1555 1328 1171 1529 1136 2297 	22
2295 1491 914 1408 2508 1272 1564 	21
649 1197 807 2278 1311 2251 2245 1224 	63
1541 3042 205 2392 1493 1476 1579 1531 	92
2878 1723 2839 3059 1975 3060 78 1681 3056 2826 2879 2830 2468 6 2840 1726 3054 3060 	73
3060 3059 2988 1714 3056 20 2871 3031 136 2830 2018 75 	46
2878 2840 3111 3060 35 2839 5 1734 3056 34 78 	43
2830 2826 2988 2825 2878 14 3054 3059 1711 3060 6 	85
3056 3031 2983 2830 62 80 2840 2465 2878 24 2871 	95
3031 84 2781 3056 2466 2839 2840 2830 2341 2983 78 2878 	94
5 3087 3060 1733 3054 2826 3056 2465 3058 6 2830 	89
3059 3111 2878 2011 2871 3031 3060 1736 2983 80 3056 	76
2840 2874 2830 1723 75 5 2878 1726 3058 2839 3060 	33
3020 1057 3024 1067 1113 2609 1041 	53
3016 1085 3020 1106 1035 3019 2801 2777 1103 2609 	21
1040 3018 3027 1061 1026 2610 3016 1032 3020 1067 1062 1083 3025 1089 2609 	47
3020 87 1061 3027 2801 1103 1053 2609 	94
3018 2777 3016 1032 3020 2798 3021 1110 	46
2609 1062 1081 1084 2610 3018 1057 3016 3020 	88
1035 3115 3023 2801 2609 3024 3018 	96
2996 1921 2998 541 505 666 3003 	18
2994 718 492 574 3085 3007 1902 739 3118 	45
2863 586 491 508 551 552 570 3003 	78
2792 720 2790 2795 2924 669 3118 497 548 2998 	76
477 619 509 3009 2792 604 549 	90
1928 651 489 2998 592 487 534 643 	25
3118 3007 2519 1899 646 2863 607 539 	76
3003 506 499 653 2793 747 3006 2275 1928 736 	96
3118 2518 3007 644 2788 613 2863 	33
500 2279 3085 516 2924 1918 2917 481 691 	40
3001 607 591 624 3007 756 487 742 3004 557 	56
2999 647 667 2792 739 2917 620 2997 608 545 2994 549 	55
1899 526 2996 547 593 3005 628 	62
478 1934 2996 2917 654 3006 3005 681 3004 1928 742 2791 2270 	19
635 744 1892 493 2998 545 2869 754 2999 3002 2518 3003 663 2997 1916 	47
549 505 523 1928 3000 2790 2924 595 	36
685 1938 562 1899 745 2998 2917 556 635 	65
642 3013 2517 2917 3011 2868 1928 3010 3001 	91
3000 3002 2996 2865 2795 3007 2995 3006 3003 2997 2866 	21
2994 2924 2792 2999 2793 2999 2534 616 722 621 	60
3009 574 2997 688 519 2998 647 2795 3005 644 2866 	86
1892 3006 650 634 626 521 2996 722 2864 1928 	10
534 3002 635 581 3007 1913 549 2999 671 2790 719 617 2998 1899 3011 2997 600 3003 580 	37
2795 675 2537 525 608 2996 485 3000 3006 514 2994 	19
632 492 596 2995 645 644 2994 733 487 582 3001 484 3000 1944 	64
818 291 1953 412 857 180 317 318 941 1332 919 419 	59
758 1623 910 282 453 915 2480 838 844 333 	67
319 852 255 977 992 1017 348 2810 1007 2541 816 879 270 	59
287 410 1016 2708 1025 846 1012 	5
882 949 335 3046 986 968 260 779 	56
2980 920 329 929 851 2756 438 998 797 	56
343 436 3113 453 2448 2551 418 3122 2783 438 2944 216 419 303 2810 439 2776 	24
452 3122 306 2639 3046 213 2561 411 2776 279 2944 	1
3121 332 2448 262 1650 2783 416 	34
2810 223 3122 447 2446 2639 219 1607 420 3123 401 2918 310 2561 	0
1382 2783 250 3120 346 2555 405 3051 342 1963 	92
375 2776 261 3113 1950 209 364 2918 	60
2783 2571 2552 255 3113 438 2448 2434 2420 389 1947 	77
527 3001 2793 2997 3013 1938 512 	88
551 591 2995 2999 3004 699 2868 523 	93
2866 536 3010 2792 657 3006 2998 2795 625 	17
530 3003 715 2999 671 3005 656 519 	44
2994 1921 484 2863 2788 3004 3001 3006 2866 2997 	48
230 417 259 2766 467 447 274 	79
511 634 584 593 534 2525 1899 616 667 1893 665 2788 549 548 635 477 	63
759 806 985 914 867 971 869 	96
324 957 864 952 782 831 844 	15
847 757 862 1014 805 907 874 	29
2080 2066 2624 3093 2146 2058 2353 2696 2619 2159 2022 2034 3098 2030 2044 2165 	88
2140 2070 1991 1992 2157 2700 2064 3094 2046 2369 	36
2620 2162 2625 2372 2623 2028 2029 2887 2087 2370 2355 	89
2157 2364 3094 2366 1987 2376 2372 2122 2010 2114 2355 	74
1995 2700 2024 2890 2085 2075 2887 2058 2044 2100 2048 2158 2110 2357 	47
1997 2625 1985 2022 2034 1988 2087 2126 2761 	27
2057 2096 2359 2613 2053 2363 3102 2029 3098 2064 2107 2041 2081 2095 	94
1991 2628 2159 2104 2070 3094 2085 2019 2369 	12
2041 3098 2064 2157 2044 2110 2028 	86
2761 1998 2133 2114 2371 2890 3094 2085 2159 2022 2117 1985 2077 2094 	62
3023 1039 3028 1100 3017 1103 1105 1060 1035 1033 1047 3023 1043 	71
1102 1072 2796 1089 3023 1048 2799 1082 1077 	92
1057 3052 87 1075 2799 1052 3023 1058 1098 1043 1070 3017 1035 2796 	18
3023 2800 1065 3028 3017 1032 1102 1045 1026 1074 3023 	28
1039 3017 1090 1107 1051 1087 3052 	16
1092 2610 3017 2796 1099 1038 1103 3023 	20
1435 1429 1425 2805 2807 2804 1426 1422 1435 2805 178 2807 	62
2830 2512 2989 10 78 2929 5 3112 80 1675 2781 2828 	17
2733 2832 34 2826 2829 6 2881 2825 146 2018 2878 5 	12
2512 2838 1672 80 2781 2929 44 2343 2839 2989 138 2875 6 2830 20 2834 104 2831 	22
2833 2781 3112 2840 2878 193 2826 2829 2839 	94
2871 2018 2929 2825 2828 71 2512 2846 5 2830 80 	1
2839 44 62 6 20 1722 2018 1686 2831 5 89 1713 2781 	16
1986 2698 2152 1999 2084 1995 2068 2041 	11
2085 2080 2056 2089 2021 2051 3094 2101 2030 	46
2073 3093 2000 1998 2050 2061 2124 2053 	64
2085 3094 2088 2008 2090 3098 2041 2096 2131 2042 2058 2698 2132 1999 	91
2005 2079 1994 2157 3093 2043 2068 	10
1987 2059 2064 2117 2083 2032 2085 	61
2030 2056 2143 2063 2136 3094 2126 2025 3098 2026 2051 	7
2066 3093 2156 2887 1997 2010 2369 2131 1988 2130 2106 2073 2064 2107 2027 2000 2162 2085 3094 	39
2057 2086 2119 3098 2122 2020 2072 2094 2075 2034 2047 2698 2048 2069 1995 2061 3093 2052 2022 	49
2889 2698 2035 2058 3093 2021 2888 1987 	43
2064 2118 2056 2074 2085 2128 2009 	29
1580 2222 2038 2279 1104 2315 1365 29 	24
2257 1343 1183 1295 1221 2234 1189 2268 1232 2423 1174 548 2241 	91
1159 2231 1171 1250 2246 1150 2254 1390 2302 2313 2426 	56
2261 1158 1375 665 1237 1323 1151 1582 965 3014 1310 1221 2508 1248 1104 	19
2329 2238 1164 1582 1327 29 2271 2280 1348 2417 1218 	3
2260 1216 1397 2277 2405 2235 1413 2160 	43
1337 2267 1201 2228 1380 2244 1554 1390 1576 	81
2392 1402 1550 1549 2903 2384 1493 	75
2561 2991 2021 2347 1335 2940 424 	35
1311 2303 2926 2938 1571 29 2451 	99
424 2298 29 2222 2938 2434 1373 2508 	3
2229 1212 2420 1180 2249 2926 1354 41 	52
282 2966 2079 2421 1709 2426 358 1302 2423 2018 2561 1057 2021 2417 255 2786 424 	20
1193 1194 1175 29 2785 2926 1243 2966 264 2938 965 	66
2423 1264 2453 548 1142 2018 2561 1204 2417 2786 2508 2445 1315 2926 1339 29 	69
2423 2989 1261 2038 2561 2927 2420 2315 	32
665 2229 2561 2786 2311 1250 2347 2991 1132 2303 424 104 2508 1292 	88
87 1038 1089 3017 1087 1032 1059 1039 1037 	64
1027 2777 1054 1076 1082 3028 1110 2801 3017 1044 1079 1066 	34
2610 2796 1077 1028 1073 1085 69 1047 1053 1057 1070 3017 1062 3052 1107 1026 	5
1040 3017 1106 1032 1035 1092 1055 27 1099 1072 1113 3028 	76
1070 1061 1103 1049 1107 3052 1076 	80
1106 27 1082 2801 1109 1094 3023 1089 1074 3017 3029 	69
2516 756 2525 1933 691 2526 2789 598 477 	68
637 558 1893 487 556 499 496 2517 577 	90
2514 596 487 586 1928 689 501 507 	31
2863 559 552 581 718 492 534 477 	75
1918 565 1892 1899 2032 2793 644 2790 501 	29
634 631 2924 2786 617 632 2525 2032 636 	80
722 616 3006 711 1889 600 557 640 498 2917 	18
1899 2786 690 1913 2924 598 635 2793 559 1938 	59
2601 2917 2868 647 1889 1890 1891 1928 2517 	5
2924 746 2865 2794 633 542 2795 615 2866 637 3003 	10
636 2793 1938 640 2792 2789 671 638 632 639 2525 	15
1919 597 3006 594 1891 632 566 1938 755 490 1892 522 	24
1886 733 2924 2520 637 2795 706 3003 754 634 	13
1899 610 575 602 498 531 2525 	58
607 643 2790 505 2924 736 756 564 632 701 2866 487 598 634 489 2792 	5
671 2788 722 747 1892 500 1938 734 565 524 501 482 2525 528 	88
1334 331 877 907 242 1015 208 	94
1631 974 990 1954 319 929 2811 895 301 792 922 998 	5
771 249 471 833 784 358 366 874 	92
873 1631 861 964 1623 779 382 844 206 	46
968 922 1646 1003 1627 810 869 936 212 818 	25
1946 455 995 775 447 877 804 204 	58
2089 2052 2415 3094 2620 2101 2362 1991 2021 1720 2062 2116 2079 	16
2154 2044 2033 2146 2116 3098 1994 2643 2931 2454 	58
2158 2619 2415 1996 2063 2632 2698 2075 2354 2031 2079 2032 	47
2030 1720 2029 2157 2619 1999 2052 2699 2057 2887 2058 	81
2949 2698 2352 2659 2649 2028 2136 2085 2658 2654 2653 	92
2030 1995 3098 2647 2008 2647 2137 2141 	52
2646 2645 1720 2645 1720 2034 2053 2648 2094 2454 2656 2147 2036 2660 2887 2672 2058 	58
2060 2363 2950 3093 2665 2415 2072 2668 2064 	72
2949 2698 2064 2668 2004 2655 2372 2029 2078 2649 2078 	22
2063 2654 2020 2653 2673 2887 2672 	26
1996 2886 2948 2112 2947 2656 2454 	63
1999 2085 2658 2665 2415 2670 2669 2034 2157 2050 	53
1995 3098 2647 2057 2950 3093 1988 1987 	1
2129 2109 2649 2029 2652 1989 2946 2619 2122 2671 3094 2036 2083 2947 2616 	93
2625 2372 2066 2668 2064 2645 2646 2949 2698 2949 	34
2650 2648 2094 2666 2659 2669 2034 2647 3098 	20
2130 2137 1998 2054 2053 2887 2672 2057 2656 2057 2656 2111 	52
2360 2668 2064 2148 2629 2159 2669 2034 2116 2945 	40
2357 2647 3098 2949 2698 2415 2665 	30
2154 2672 2887 2096 2948 2886 2948 2062 2061 2671 3094 2662 2670 2029 2649 2026 	67
2835 2962 2780 2953 3135 78 2018 2824 	64
39 2955 2769 29 2835 2959 2827 2833 	44
2952 2685 3137 2824 2508 2846 78 104 2926 2827 2960 2961 	26
2688 2420 2838 2959 2953 2957 2929 2774 2955 2958 104 2831 6 2835 3137 2018 2780 2461 	70
2954 2953 2842 2957 2827 2927 2963 	33
2508 39 2926 2955 2774 2989 2961 2835 3137 3136 2929 1706 2985 2420 2833 2018 2842 	21
2347 2962 2831 2508 18 104 6 2958 2468 3137 20 2954 41 78 2018 2956 2989 	75
2961 2926 2827 2985 2780 2832 2508 2838 3137 2929 	25
2897 3112 89 2828 2895 2834 2876 2839 	68
3139 2829 2837 2012 2875 3114 2885 2340 	1
2828 3061 2837 2781 51 2974 3032 1679 2839 46 2885 2834 	84
2897 2878 3032 16 2828 2829 2876 2837 51 	85
2875 2885 2897 38 3114 2474 3061 2837 89 	60
2875 2834 2837 164 2840 2897 80 1679 	32
2552 1676 190 2926 1159 1387 2508 2642 1144 675 2281 228 1296 2423 	66
2927 1319 2136 2326 1359 1261 1709 	52
1247 2426 1672 2770 2417 1241 1135 	84
2447 1354 1176 330 2421 2280 1320 40 958 2461 	25
2021 424 1121 2455 1348 2463 1676 1388 270 1249 323 1289 	25
2423 467 2459 520 807 2426 2245 49 	7
2136 954 2421 1358 261 1286 2303 211 	51
2018 1261 1346 424 167 1382 2423 2226 1180 2283 1284 	88
1350 1120 1086 2423 2643 2772 2437 2228 965 2417 2460 	61
391 2580 2812 1968 1964 242 471 1599 784 2783 320 285 460 1631 	53
428 251 2808 946 450 215 443 436 1610 	82
381 2762 1007 2704 1634 2762 409 3051 1640 353 	95
252 2765 218 1616 2581 211 884 296 378 	73
443 2764 265 1652 1606 1601 879 253 	34
2548 1172 1634 1440 369 343 220 	35
383 230 254 442 2821 962 330 	4
2783 2350 452 2548 1662 258 2919 352 2714 269 228 2558 370 	2
112 900 894 1017 272 412 926 992 	0
337 241 865 956 761 978 282 1306 1020 819 413 796 1136 950 997 	48
1009 869 1184 966 815 972 1246 301 996 852 1296 988 203 917 1655 	29
786 776 918 920 2501 382 938 795 1371 1128 1264 1014 266 	70
1178 261 923 910 901 1022 930 783 	82
841 447 2481 300 986 275 358 947 871 976 1300 835 1001 373 965 	50
268 366 2491 471 1018 204 1954 975 1197 859 260 1291 1141 465 1192 1209 	46
949 801 803 768 873 840 987 977 998 1268 251 1004 1145 784 341 	7
445 952 318 1347 875 971 1011 880 941 1957 351 907 2497 1138 974 	19
372 1323 1953 460 892 856 981 2437 2495 878 895 877 865 1317 1149 365 	48
300 1333 947 455 785 787 305 811 	92
1325 2235 2231 2033 1170 561 1238 1311 	4
2260 1414 665 2437 1329 2254 1159 1246 1270 	8
1241 2282 2245 1401 1268 480 1419 1174 1408 2267 200 1344 2296 2246 1266 2438 2239 1342 	24
2459 2225 1318 1354 1313 1189 2240 2268 1323 2266 1181 1149 1277 1132 	71
520 2311 1140 1279 2280 1233 196 768 1286 1193 1194 2256 188 1122 2279 783 	61
2431 1237 2323 1137 1337 1163 1226 1329 2329 760 1275 2508 1355 2275 2282 2330 1187 1325 1211 	9
2299 1198 200 1397 2802 1104 2248 774 1170 2746 2239 1164 1401 1372 1313 2038 	96
1318 196 2259 2296 1389 1365 2220 2299 2302 1283 1420 1391 2235 1413 	86
1244 1412 2317 1207 1529 1217 1376 40 1214 2745 2240 1560 	16
1270 2229 1179 2287 1292 1419 2421 1292 1130 1275 1249 1909 2224 1142 1388 1147 1148 	47
1545 2607 48 2596 548 2280 2260 1480 	75
1198 2222 2327 680 1305 1352 2302 1534 1397 	77
2752 2977 2964 2690 2726 2954 1735 2955 	0
405 341 265 966 303 821 2706 468 2808 472 	57
442 1666 215 258 317 266 428 345 	73
772 2497 1002 1309 1340 1006 1973 	74
819 1009 799 825 1361 327 1380 1406 	92
853 950 845 946 1332 791 970 408 	9
773 2480 412 867 896 983 959 455 	78
788 833 994 403 757 2323 2484 880 908 883 	94
1184 859 849 1957 789 870 1646 1336 869 	10
2491 2497 769 968 2756 455 1629 895 907 932 	27
1627 810 812 997 351 804 917 	23
1149 883 911 1405 178 863 1024 	80
1178 1229 1246 1116 818 988 2300 786 1209 179 797 	9
224 1958 393 247 415 215 279 403 387 1634 2540 385 230 	74
312 287 1659 1959 212 418 449 1966 224 1967 	27
389 1616 381 444 220 432 2979 1640 256 	17
413 1653 2577 301 2560 409 351 425 2767 1600 239 1628 1610 	93
320 330 1635 2763 208 2808 399 289 242 	76
229 220 1626 215 979 980 425 	9
459 421 261 294 2764 439 2457 	98
418 3119 453 232 212 2765 1964 1634 237 	84
1610 356 3051 278 285 458 2822 1612 	34
220 325 212 447 2818 317 425 362 2810 3048 	69
366 2820 251 1625 1634 318 3048 2568 449 257 2703 1610 1950 3051 442 2713 1601 	45
552 635 505 498 2525 639 1899 1892 480 2786 624 2791 	43
661 527 634 507 2869 523 501 525 553 547 635 488 637 639 519 643 2789 	65
1892 579 636 2786 2865 597 1909 2789 1899 525 756 3007 668 2790 	32
1899 518 636 708 640 593 596 1939 637 651 2865 509 622 2525 568 2791 538 3126 	60
2791 750 485 3007 669 2522 2790 560 2789 2786 	12
636 589 2865 497 2917 584 2525 1892 509 2601 591 	8
561 570 732 2788 2230 525 615 	37
164 37 93 2878 148 2981 21 5 2981 57 2839 59 2878 6 	13
1 12 2828 152 37 2897 2899 	65
2839 163 2840 1708 21 1 37 	11
26 2883 1 2981 5 34 1980 80 	88
2828 145 1 1543 2837 1733 37 2897 2981 2599 20 2839 	58
164 24 1 2878 37 25 2781 2981 5 2839 	21
2840 85 2885 15 1 153 28 60 37 34 	66
2837 1696 2981 3061 2839 73 21 2840 2878 2828 1 	52
164 1716 37 2002 2981 147 26 2839 12 	31
20 88 2840 2828 58 2878 1723 34 24 5 1688 100 1 1692 37 73 1728 	94
2878 75 2839 2883 2878 5 89 2872 	76
2877 2898 37 3 38 21 2839 14 20 57 	12
1 2841 37 3068 56 35 1716 2883 5 89 77 75 2781 2878 2981 20 	3
2678 3137 2964 2956 104 2721 2963 2985 2774 2685 2986 2347 39 2989 	51
2846 2685 1719 2835 2953 3137 2508 2963 2960 2987 2774 2678 2985 3137 2956 1719 	39
2229 1247 2246 1285 1491 1180 2458 1414 2423 	21
1045 2299 1229 1273 2267 305 1250 1359 1385 1412 2234 1212 	45
1101 2220 1416 1517 2607 780 2246 1233 2264 1244 1301 2430 	16
2228 1175 1311 1198 1390 2303 2221 2234 830 1382 1224 2447 1339 1349 2235 2271 1580 1391 	30
1293 1217 2267 965 1151 2248 653 1281 2464 1189 2421 1419 	43
2802 2329 1222 480 1125 2260 2436 1232 2021 	0
2245 1266 802 2294 2508 1295 2279 	64
552 638 741 2795 518 559 1909 2792 684 637 	12
565 594 2794 483 739 2866 1942 2525 	46
2924 520 637 631 2793 756 509 	8
661 549 1892 650 639 550 551 516 3003 	78
634 1898 2786 621 2792 701 635 642 501 513 519 491 2794 2538 638 494 632 	78
480 730 2924 638 575 2791 2286 3003 2788 674 559 532 2792 	68
2788 609 504 2864 750 637 596 2790 669 565 599 2866 1895 1892 	91
2793 531 2924 1942 694 634 691 2795 	86
637 728 2793 589 1910 526 3003 2516 1892 	6
627 2525 577 1938 572 602 511 568 2865 658 3006 700 477 502 497 632 	4
1047 3019 1053 2609 1028 1043 1093 2796 1092 3020 	52
2796 3026 3017 3018 1084 2609 1086 1032 1079 3019 1044 3020 	17
3016 1065 2796 1107 1029 3020 3017 1061 3028 	92
3026 3018 1048 1032 1104 1044 1055 1098 3023 3018 3022 3019 3025 3026 1101 17 3020 1075 	10
3018 2801 1032 1035 3019 1087 3016 1105 1092 3020 1074 3115 3018 1086 	38
3019 3025 3028 3016 2796 3022 3018 	59
790 1282 1019 1574 323 1222 931 998 1375 	63
1255 2543 887 292 1307 1177 868 1279 333 	70
394 3035 2803 3033 2805 2806 2807 	53
1600 458 2808 343 222 468 3051 281 	40
212 1662 2820 368 2922 470 2810 223 	82
242 391 366 1616 240 2808 1648 	57
288 462 230 1666 418 2762 1614 	92
2808 800 222 2581 2984 798 3049 302 1634 315 2814 1640 	22
3050 306 2814 225 242 254 3047 1632 1641 240 	78
587 2999 537 2792 680 474 3000 1903 1924 	37
510 2924 1895 621 2868 736 3003 557 2795 565 	38
634 2994 2793 652 599 3010 676 607 3005 723 1938 2516 3007 	9
520 569 2791 485 1891 513 616 500 2868 1932 664 3004 598 3006 	80
2883 2974 2781 3086 3059 2982 2974 	38
3061 3056 3086 3064 3108 3106 3059 2883 	74
2923 3063 3031 3128 2876 2830 3109 2879 	93
3061 3059 2883 2923 2975 3106 3065 2830 3086 3056 1681 3063 3108 3109 3114 	84
1240 439 820 438 1018 1296 307 1012 	83
878 1655 254 803 1009 1001 946 	71
760 379 1373 340 318 335 925 272 443 416 251 915 824 843 	63
905 415 317 784 210 973 961 757 298 253 303 818 333 1965 879 910 942 457 	51
37 3052 3145 1683 2879 2871 2474 	62
2878 2837 3068 97 8 3062 2830 2988 6 2832 2983 2475 3031 2883 	50
2879 3056 95 2883 67 3063 25 3061 201 3052 2879 2871 2335 2878 2838 2974 2883 	57
3087 1670 2876 2832 1732 2879 2880 3065 1724 2830 58 3086 2467 2878 	67
20 2883 1725 3062 140 2983 89 3054 2879 1736 2878 10 3056 1708 2883 34 	2
2879 37 3031 3057 8 2876 3088 3062 	75
23 189 2988 2878 3056 2983 2883 2781 3061 1679 	59
2031 2075 2889 2005 2109 2054 1998 2888 2159 2047 2022 1997 	13
3097 2145 2152 2026 2090 2888 2085 2118 	14
3096 3098 2105 3093 2158 1986 2147 1987 2133 	19
3094 2005 2623 3091 2058 2364 2353 2888 2359 2357 1987 2080 2625 2890 2132 3098 2355 2022 	77
1991 2133 1990 2696 2110 2009 1997 2366 2066 2374 2144 2046 2117 2048 3093 2376 2010 2105 2004 	84
2364 3094 3091 2144 2890 2154 2005 2619 2022 2058 2620 2048 2070 2034 2624 2631 2363 2696 3098 	73
2022 2044 2157 2626 2627 2141 2066 2107 2660 2355 2024 2010 	18
2041 2372 2028 2046 3093 2126 2889 1991 2353 3094 	66
3091 2022 1996 2110 2064 2366 2625 2010 2034 2132 2041 3098 2020 1999 2044 2009 	31
3082 2727 1759 1762 158 3077 2848 3073 2857 	10
129 2849 2211 132 1838 2850 1834 1837 2857 2175 	88
1828 2893 1851 1883 1867 2719 1812 2212 1865 1868 2170 2210 	10
158 1745 1768 2852 2202 3075 1789 2198 1809 	47
1350 1215 1164 2421 1372 1383 2315 1480 1290 	27
2458 1174 1420 1237 1150 2295 1266 2239 	19
1295 3014 2320 1232 2235 681 1140 1198 1230 2301 55 3105 	28
1381 2310 1225 1360 2458 1700 2260 	65
2293 811 2308 1218 2286 2421 1242 1237 	94
2270 1580 1152 760 2926 2253 2259 	22
2272 1528 2508 1392 1241 1224 914 1388 2235 	50
1135 2305 1295 1337 2270 2021 1285 680 	77
1153 1145 2280 1581 1564 1011 1176 	93
2221 2300 2423 1171 2279 2303 2249 	14
3109 3064 3128 3054 3063 2923 3109 3064 3061 3059 2883 2895 3110 3086 3054 	29
3061 2923 3056 3108 3088 3087 3059 3031 	56
3054 3128 2883 3086 2895 3110 3054 3063 	64
2376 2157 1991 1995 2121 2698 3100 2009 2004 	87
1497 1516 1573 1471 185 1536 1501 1556 2386 150 	23
2303 2326 2234 2508 189 168 194 2941 1292 	67
1237 2433 2018 2976 467 2426 2869 2330 	62
2443 1382 1249 2991 1144 2248 2449 2935 1235 1233 2283 2940 332 2415 	83
2935 424 440 3146 2268 2426 807 2349 2940 1347 2423 2038 106 	81
1174 2966 2453 188 2991 1183 2415 	77
2938 1166 2455 3129 1120 2260 1346 2229 2508 	2
2418 228 520 1258 2561 1213 1397 2784 2350 2940 2442 	59
2305 2966 2446 2417 2250 2303 2018 358 	61
189 1362 1250 2941 1328 2940 2234 194 2508 1208 424 3146 2430 29 2966 	76
2421 2315 2437 2414 2420 2136 2976 2991 1529 1166 3129 2423 3133 1129 2935 	77
2245 2940 1242 2251 189 106 1342 1572 	28
66 3016 1098 1103 1106 3020 1035 3027 3029 	7
1037 3025 1087 1053 3019 1044 3018 1107 1066 3016 2798 3020 1081 3025 2609 3023 	88
1079 3018 1061 3027 87 3016 3028 3020 69 1026 3025 1094 3019 1029 3017 1110 	17
3027 1066 1041 87 3018 2801 3016 3019 1108 3020 3017 1112 3025 3115 1113 3018 3028 1049 	17
1103 3016 3020 1083 3027 1062 3025 1032 3018 1078 3019 3016 1106 	35
3020 105 2609 3025 1085 1072 3018 3016 1067 3027 3020 1107 3025 1035 3115 3029 3019 2777 3018 	44
3025 1070 1061 3027 1062 3018 1066 	37
2832 2838 2826 44 2990 2966 3059 2833 189 3055 	64
3066 2940 2839 2928 2833 2926 2838 2832 2846 	10
2990 5 2871 2826 2831 3055 2966 2992 2839 189 	32
2846 2826 2838 2966 145 2572 2018 	86
2926 2018 2839 2826 10 2846 3066 	60
2839 5 2846 2940 2838 1133 2928 47 2871 	10
2926 10 3055 2785 50 2833 2928 	80
2832 3055 2846 3055 189 20 2833 2983 2825 44 140 2839 47 2928 2785 5 2846 	74
2838 2832 29 2871 3060 2926 1672 	39
1928 1930 2525 483 635 718 3118 	36
1938 2924 650 1919 509 2869 2863 477 	39
602 754 2792 1941 2789 630 2924 625 615 571 648 546 3085 2791 	27
3003 531 552 1938 689 487 675 1928 3118 2522 	59
2994 497 3001 709 691 506 501 	6
637 1925 638 653 2791 685 3007 1896 500 677 1899 2862 2994 	90
2516 632 2792 1891 547 549 646 2998 2279 	43
2924 521 492 498 3006 602 3085 2863 1938 593 720 3005 492 506 2917 600 577 635 	88
1899 713 2995 644 2793 586 551 481 3006 	67
678 2525 1938 634 729 3001 2792 474 596 647 1891 	46
1911 2998 2917 608 3006 2863 1894 2999 2790 574 504 722 566 2997 2868 	47
503 2790 2864 525 3003 635 693 632 715 3008 2537 521 1928 646 	29
2924 688 691 525 614 2997 685 3004 2795 578 3007 563 756 	22
1964 2918 2569 2639 3046 345 2551 378 3051 2743 1650 215 2581 	24
1968 362 370 377 2575 2816 295 2776 2552 	57
355 3121 298 1605 2561 1649 230 373 2810 219 1607 	30
2783 438 1966 2561 358 2918 1660 3121 418 1622 1607 473 2555 2573 2810 306 2639 411 2557 	12
239 250 2420 1964 405 2776 1382 230 386 2810 	74
248 2552 417 1347 2783 457 2555 2583 3046 1257 2448 1615 2561 345 	48
369 215 247 229 2562 2575 2639 	48
232 949 2709 929 399 2965 2708 	19
426 378 2862 391 2580 242 946 2762 2742 2582 434 401 335 215 248 	85
2965 459 296 320 3119 385 1610 1638 367 909 313 2712 1657 281 1634 1664 907 345 	13
1022 1642 222 1958 220 291 324 	29
427 979 980 1276 2921 1956 818 1166 1347 2922 2713 2862 270 471 1967 2810 330 2768 	18
1025 395 347 436 2965 1316 445 288 	0
358 398 429 230 2559 428 1007 342 1634 2709 1951 3046 1632 3048 2812 2814 	90
351 314 2921 432 2922 967 1648 442 919 1619 	28
5 2846 100 2833 195 1718 3055 76 2832 1676 3056 2990 1697 189 2839 2508 2871 	80
5 2846 1701 2830 43 2928 2826 3055 1696 91 2827 	65
2835 2840 1735 2846 162 2988 3055 14 189 195 2878 2990 43 2833 2838 	68
2839 1676 2832 40 3060 2846 2840 3055 3052 2871 5 2827 2988 	17
2826 1705 2990 2839 193 2825 2827 2846 1697 2988 2835 1736 3055 1726 2832 76 2831 2833 	4
964 2544 957 266 792 432 1956 826 814 341 818 905 881 	95
2029 2888 2112 2041 2156 3093 2031 2612 2887 2090 	77
2157 2362 3093 2146 2025 2125 2023 	11
2369 1989 2022 3100 2615 2629 2133 1999 3091 2376 1995 	86
2162 3098 2115 2886 2029 3127 2633 	20
2111 2888 2029 2147 2611 2371 3093 2028 1991 2070 2081 	99
2637 1104 2937 1153 3124 1182 703 	53
78 44 2018 146 3152 520 2989 	66
520 2989 2992 2957 2426 44 3137 	46
2952 3137 2846 3151 2264 3055 2961 	82
3100 2080 2019 2054 2155 3097 2066 2105 2362 3089 1987 2142 2373 3093 2127 2052 	89
2004 2037 2041 2374 2030 2026 2101 2736 1985 2117 3100 2121 	71
2365 2096 2122 2634 3097 2056 3093 2083 2048 2044 2619 2087 	40
3096 1999 2356 2115 2629 2159 2624 3127 2022 2150 	19
3097 2088 2130 3091 2036 2139 3096 2144 2074 2087 2025 2105 2622 2125 2886 3093 2008 3127 2034 	83
2374 2096 2048 3098 2108 2022 2159 3089 2142 	15
3093 2094 2356 3127 2619 2052 2613 2667 	67
2122 2130 3089 2036 1990 3096 2048 	32
2162 2101 2044 3093 2047 2051 2110 2097 3127 2091 2096 	34
1473 2409 1505 1199 1510 2903 1123 	53
1390 2280 1211 29 2464 2266 1245 	45
2313 2745 1397 2300 1250 1318 2311 1348 2508 2314 2250 1176 1379 1226 2421 1260 1339 	64
760 2327 675 1230 1304 196 1130 1187 2330 	71
1273 1148 2279 1413 29 2735 1357 1179 1220 2802 1170 2435 	46
1403 1328 1216 1355 1237 1248 1351 2260 1196 	54
1581 1353 188 1215 1137 899 1290 1210 196 2316 1204 554 1247 1310 681 	0
1218 2644 2347 1181 1298 1151 1579 2250 1260 1372 	26
1190 1304 2508 1413 1160 2281 842 	19
2681 2971 2219 2952 122 103 3149 	69
2957 78 2978 2692 2956 2952 2640 2680 122 	44
384 1018 442 456 360 214 2976 428 2567 215 216 	23
967 797 1960 1011 876 2756 868 813 	65
844 964 1323 772 1020 1405 908 1124 888 930 2493 995 1004 	21
1008 2541 178 860 403 970 1242 987 1361 	34
1257 883 870 843 801 948 848 853 1145 981 1296 	51
993 878 253 2492 1154 1253 768 1160 	42
842 1139 1136 305 833 1002 834 	34
793 1957 784 892 2708 1117 885 941 812 329 810 	5
994 812 271 365 2541 888 947 878 	9
928 871 1016 1332 810 1960 1961 268 1154 	80
2488 2237 899 1003 2480 313 335 1395 	87
399 1970 215 910 1958 377 407 382 339 234 3119 219 403 1963 	98
1316 3119 231 365 286 452 359 330 453 3046 249 	52
1651 2586 401 282 256 1599 2574 1347 804 242 438 	28
